INTRODUCTION ι 3 1

56666 165 16115 61 165 16665 6666 666 grande appareuce de 616616
61 566516166166 6166666656 66 611616166, 66 666166661666
presque 6 6666 566 666 66116 16611666 1665666 161611116556 665
preuves « si Caelius t’a 611, 611 ciceron 66 5666655661 61116616,
a 6661 11 destinuit largent qu'il 1’61666661611,615’111666161616
616166 6556551666 665 hommes, 16 65 56 661661166; 615116616
16665 611, 16 66 161 65 665 66666 6666661. 1 Or, 66 611616166
66616 6 saux 61 11 y 6 666 666666616166. Ce 6661 66 66665611
(1661165, 661611 666616 616666616 66 largent 5665 66 1661( 666-
16116, 66 61561116 Clodia que e'elait pour payer les freis des
1666 qu’il 666111’161661166 66 donner. 11615 16 6611166666, 16
grand 666661 665 666665 6611616615, 1616166116, 6651, 1616661616
6665 16 666665 66 Milon, quand 11 616166 retra causum 6116116
66 16 666666 661( 6661( (16 jury, tenebras offundit, comme
6110616111166 111, 11, 211. Ge 661 651 6165 166116 666 66 666166-
1666 1166666666 66 0161165 666 665 preuves 61665161151666-
161611165, 665166 6666656611616666116616666 566 56 666-
166666 61611616. Β16661116 566 611661 66 661661556616616166
16666656166 651 66 6666666 classique 666 165 6666615 66 665
16665 6’661 66666 66 1615566 tumber 66 665661666. 0166666
566 (16666 6 661661616 616661166665611116, 1661 66 6651661
66666661116 61 (1665 16 166 66 [6661611161 urbanum dicendi 66665.
« 16 11615 66116 1661616, 66616611-11 16111665 quelques 666665
6666666661,1666516 666166666 6666 66 6665616166; e'est 666
6166616166, 16616665 66 guerre 6666566 meri. — Ε66111661661,
16616 6666616666Ε6611 enim 5611111656, 66 eum 6166 bellum 66611
(66 Au. 11, 1, 5). ll 56 66666116 6616111661 66116 16666 6 56666
16 6116666, quand il 6 616 6116666 666 565 66666115 (66 Au. 11,
1⁶2, ⁶3: de 111615 βοώπιδος). 11 66616556 1665 165 666661665 61165
6666665 6616666661 165 6665 56666116 1616166, 1166 1611 uu
666661 qu'il 5661 661( 16665 comme 6166116166655166 6616
666116. 11116 6 655655166 566 mari 6666 6166 6165 libre 6665 565
6166665, 61 16616 56 616 16 1666166 comme 6661166661666
61666166 61 666 6666661166 61616656, - uc 666 661616616661616,
sed 611616 preterea (66661616 proraeque 61666166 (p. 6161661191.
Ρ615 11 666616666 11611166116661 16 1166 commun « il 1661666
16666556 56 66556 11. 11 6665 6666666 666 66611115 616156 16666
66616 66 (116616, 6665161661566 66 566 16666, 66111666166616

 

