10 ⁴ 1611116666 61661661 6161111611

661, 66 661666166116666666 666116 1661661, 61161666161661
61666616661 11616161 666161116666 116 666116661166666. 11
66 6616666 6616666116661611166 66 (listron 6616166 66
661166 66 M¹¹¹⁰ 66 8611666 61661166166 661166 6616116116.
1161661616 n’en 661 possible, utile 61 161616666616 666 6116
texte 661 666166166161161661666 66166 historiques 661
6161166661166 611661666 6661 61166 6661161661166, 16 66166-
1616611111616116 666 661666666 666161166 6611661, 16616116
qu’elles 1666611661, 6161166661 66166661661 66 661611166
616666111666 616666166 6116 611661166 66166116 66 66161 661
. 166 66111.

Notre 6161161166 6’6 1166 6’61666661. Cos lettres n'ont
666 616 6611166 6661 6116 661111666, 61 (1166166, 66 166 6611-
1661, 66 66666611 66161 6 116661661116 616 666161116 666
histoire 6661616166616116 66 666161666. Il 66 6611611666
6661 666 correspondents, 66 6661 66 661616 1166166116161
66 16616616. 06666 11 66111 6 Α111666, 6611661166 61161166
6611116666, 6611661 666 61161166 6616161116, 11 6611 bien 6611
6616 toujours compris, 166166 6 66161-1661. 1166616666
6666 166661661661, 161666’11116116 666 sujets 66116616, s'ex-
6116161 6’66616666166611161616, 6616166661 66 666666 6666
666 61166166, 16116 166166 6666 666 61161166 6166666, 6661
66166161 1’166166161166.Ι)’66 1661611666666, 166 6116666-
11666166 61116666 61166 61116666 16661161666, 661 161661661 666
16 161116 66 6661611 6116 661661166 666 66 666116616116 161-
166166611661611 161616111611116166166666116666616166616166.
Ajoutez 666 6666 bien 666666 Cioe'ron 166666 6 666 161116
66166 6666 6616616166116666. 06 6611 6611 66 6666 661
6661661666 6661 1661 6611166 16 616166 6Ἀ111666.

11611616 quelques editions 6661611166 accompagnees 6’66
commentaire 6161166111. 166116 6611661166 666161616, 166
66111666 666166666 6Ἐ166611, 66 86111111, 66 Graevius, 66

 

